#	read_first	collect_read	read_second	collect_final	collect_lfp	collect_overlap	ortholog_init	orthologs	inparalogs	co_orthologs	write_result	complete	blast_parsing	blast_filtering	#
2	      0.00	      0.00	      0.01	      0.00	      0.00	      0.00	      0.00	      0.00	      0.00	      0.00	      0.00	      0.01	      0.01	      0.00	#
2	      0.00	      0.00	      0.00	      0.00	      0.00	      0.00	      0.00	      0.01	      0.00	      0.00	      0.00	      0.01	      0.00	      0.01	#
2	      0.00	      0.00	      0.01	      0.00	      0.00	      0.00	      0.00	      0.00	      0.00	      0.00	      0.00	      0.01	      0.01	      0.00	#
2	      0.00	      0.00	      0.00	      0.00	      0.00	      0.00	      0.00	      0.00	      0.00	      0.00	      0.00	      0.00	      0.00	      0.00	#
2	      0.00	      0.00	      0.00	      0.00	      0.00	      0.00	      0.00	      0.00	      0.00	      0.00	      0.00	      0.00	      0.00	      0.00	#
2	      0.00	      0.00	      0.01	      0.00	      0.00	      0.00	      0.00	      0.00	      0.00	      0.00	      0.00	      0.01	      0.01	      0.00	#
2	      0.00	      0.00	      0.00	      0.00	      0.00	      0.00	      0.00	      0.00	      0.00	      0.00	      0.00	      0.00	      0.00	      0.00	#
2	      0.01	      0.00	      0.00	      0.00	      0.00	      0.00	      0.00	      0.00	      0.00	      0.00	      0.00	      0.01	      0.01	      0.00	#
2	      0.00	      0.00	      0.00	      0.00	      0.00	      0.00	      0.00	      0.00	      0.00	      0.00	      0.00	      0.00	      0.00	      0.00	#
2	      0.00	      0.00	      0.00	      0.00	      0.00	      0.00	      0.00	      0.00	      0.01	      0.00	      0.00	      0.01	      0.00	      0.01	#
2	      0.00	      0.00	      0.00	      0.00	      0.00	      0.00	      0.00	      0.00	      0.00	      0.00	      0.00	      0.00	      0.00	      0.00	#
1	      0.05	      0.00	      0.00	      0.00	      0.00	      0.00	      0.00	      0.02	      0.00	      0.00	      0.00	      0.07	      0.05	      0.02	#
2	      0.00	      0.00	      0.00	      0.00	      0.00	      0.00	      0.00	      0.00	      0.00	      0.00	      0.00	      0.00	      0.00	      0.00	#
1	      0.00	      0.00	      0.00	      0.00	      0.00	      0.00	      0.00	      0.00	      0.00	      0.00	      0.00	      0.00	      0.00	      0.00	#
2	      0.00	      0.00	      0.00	      0.00	      0.00	      0.00	      0.00	      0.00	      0.00	      0.00	      0.00	      0.00	      0.00	      0.00	#
1	      0.01	      0.00	      0.00	      0.00	      0.00	      0.00	      0.00	      0.00	      0.00	      0.00	      0.00	      0.01	      0.01	      0.00	#
2	      0.00	      0.00	      0.00	      0.00	      0.00	      0.00	      0.00	      0.00	      0.00	      0.00	      0.00	      0.00	      0.00	      0.00	#
1	      0.00	      0.00	      0.00	      0.00	      0.00	      0.00	      0.00	      0.00	      0.00	      0.00	      0.00	      0.00	      0.00	      0.00	#
2	      0.01	      0.00	      0.00	      0.00	      0.00	      0.00	      0.00	      0.00	      0.00	      0.00	      0.00	      0.01	      0.01	      0.00	#
1	      0.00	      0.00	      0.00	      0.00	      0.00	      0.00	      0.00	      0.00	      0.00	      0.00	      0.01	      0.01	      0.00	      0.01	#
2	      0.01	      0.00	      0.00	      0.00	      0.00	      0.00	      0.00	      0.00	      0.00	      0.00	      0.00	      0.01	      0.01	      0.00	#
1	      0.01	      0.00	      0.00	      0.00	      0.00	      0.00	      0.00	      0.00	      0.00	      0.00	      0.00	      0.01	      0.01	      0.00	#
2	      0.00	      0.00	      0.00	      0.00	      0.00	      0.00	      0.00	      0.00	      0.00	      0.00	      0.00	      0.00	      0.00	      0.00	#
1	      0.01	      0.00	      0.00	      0.00	      0.00	      0.00	      0.00	      0.00	      0.00	      0.00	      0.00	      0.01	      0.01	      0.00	#
2	      0.00	      0.00	      0.00	      0.00	      0.00	      0.00	      0.00	      0.00	      0.00	      0.00	      0.01	      0.01	      0.00	      0.01	#
1	      0.00	      0.00	      0.00	      0.00	      0.00	      0.00	      0.00	      0.00	      0.00	      0.00	      0.00	      0.00	      0.00	      0.00	#
2	      0.00	      0.00	      0.00	      0.00	      0.00	      0.00	      0.00	      0.00	      0.00	      0.00	      0.00	      0.00	      0.00	      0.00	#
1	      0.00	      0.00	      0.00	      0.00	      0.00	      0.00	      0.00	      0.00	      0.00	      0.00	      0.00	      0.00	      0.00	      0.00	#
2	      0.00	      0.00	      0.00	      0.00	      0.00	      0.00	      0.00	      0.00	      0.00	      0.00	      0.00	      0.00	      0.00	      0.00	#
1	      0.00	      0.00	      0.00	      0.00	      0.00	      0.00	      0.00	      0.00	      0.00	      0.00	      0.00	      0.00	      0.00	      0.00	#
2	      0.00	      0.00	      0.00	      0.00	      0.00	      0.00	      0.00	      0.00	      0.00	      0.00	      0.00	      0.00	      0.00	      0.00	#
1	      0.00	      0.00	      0.00	      0.00	      0.00	      0.00	      0.00	      0.00	      0.00	      0.00	      0.00	      0.00	      0.00	      0.00	#
2	      0.00	      0.00	      0.00	      0.00	      0.00	      0.00	      0.00	      0.01	      0.00	      0.00	      0.00	      0.01	      0.00	      0.01	#
1	      0.00	      0.00	      0.01	      0.00	      0.00	      0.00	      0.00	      0.00	      0.00	      0.00	      0.00	      0.01	      0.01	      0.00	#
2	      0.00	      0.00	      0.00	      0.00	      0.00	      0.00	      0.00	      0.00	      0.00	      0.00	      0.00	      0.00	      0.00	      0.00	#
1	      0.00	      0.00	      0.00	      0.00	      0.00	      0.00	      0.00	      0.00	      0.00	      0.00	      0.01	      0.01	      0.00	      0.01	#
2	      0.00	      0.00	      0.01	      0.00	      0.00	      0.00	      0.00	      0.00	      0.00	      0.00	      0.00	      0.01	      0.01	      0.00	#
2	      0.00	      0.00	      0.01	      0.00	      0.00	      0.00	      0.00	      0.00	      0.00	      0.00	      0.00	      0.01	      0.01	      0.00	#
2	      0.00	      0.00	      0.01	      0.00	      0.00	      0.00	      0.00	      0.01	      0.00	      0.00	      0.00	      0.02	      0.01	      0.01	#
2	      0.00	      0.00	      0.01	      0.00	      0.00	      0.00	      0.00	      0.00	      0.00	      0.00	      0.00	      0.01	      0.01	      0.00	#
5	      0.00	      0.00	      0.00	      0.01	      0.01	      0.00	      0.00	      0.00	      0.00	      0.00	      0.00	      0.01	      0.01	      0.00	#
4	      0.00	      0.00	      0.01	      0.00	      0.00	      0.00	      0.00	      0.00	      0.00	      0.00	      0.00	      0.01	      0.01	      0.00	#
2	      0.00	      0.00	      0.00	      0.00	      0.00	      0.00	      0.00	      0.00	      0.00	      0.00	      0.00	      0.00	      0.00	      0.00	#
3	      0.00	      0.00	      0.00	      0.00	      0.00	      0.00	      0.00	      0.00	      0.01	      0.00	      0.00	      0.01	      0.00	      0.01	#
2	      0.00	      0.00	      0.00	      0.01	      0.01	      0.00	      0.00	      0.00	      0.00	      0.00	      0.00	      0.01	      0.01	      0.00	#
2	      0.00	      0.00	      0.01	      0.00	      0.00	      0.00	      0.00	      0.00	      0.00	      0.00	      0.00	      0.01	      0.01	      0.00	#
2	      0.00	      0.00	      0.01	      0.00	      0.00	      0.00	      0.00	      0.00	      0.00	      0.00	      0.00	      0.01	      0.01	      0.00	#
2	      0.00	      0.00	      0.01	      0.00	      0.00	      0.00	      0.00	      0.00	      0.00	      0.00	      0.00	      0.01	      0.01	      0.00	#
2	      0.00	      0.00	      0.00	      0.00	      0.00	      0.00	      0.00	      0.00	      0.00	      0.00	      0.00	      0.00	      0.00	      0.00	#
2	      0.00	      0.00	      0.01	      0.00	      0.00	      0.00	      0.00	      0.00	      0.00	      0.00	      0.00	      0.01	      0.01	      0.00	#
2	      0.00	      0.00	      0.01	      0.00	      0.00	      0.00	      0.00	      0.00	      0.00	      0.00	      0.00	      0.01	      0.01	      0.00	#
2	      0.00	      0.00	      0.00	      0.01	      0.01	      0.00	      0.00	      0.00	      0.00	      0.00	      0.00	      0.01	      0.01	      0.00	#
1	      0.00	      0.00	      0.00	      0.01	      0.00	      0.00	      0.00	      0.00	      0.00	      0.00	      0.00	      0.01	      0.01	      0.00	#
2	      0.00	      0.00	      0.00	      0.00	      0.00	      0.00	      0.00	      0.00	      0.00	      0.00	      0.00	      0.00	      0.00	      0.00	#
2	      0.00	      0.00	      0.00	      0.00	      0.00	      0.00	      0.00	      0.00	      0.00	      0.00	      0.01	      0.01	      0.00	      0.01	#
2	      0.00	      0.00	      0.00	      0.01	      0.01	      0.00	      0.00	      0.00	      0.00	      0.00	      0.00	      0.01	      0.01	      0.00	#
2	      0.00	      0.00	      0.01	      0.00	      0.00	      0.00	      0.00	      0.01	      0.00	      0.00	      0.00	      0.02	      0.01	      0.01	#
5	      0.00	      0.00	      0.01	      0.00	      0.00	      0.00	      0.00	      0.00	      0.00	      0.00	      0.00	      0.01	      0.01	      0.00	#
4	      0.00	      0.00	      0.00	      0.00	      0.00	      0.00	      0.00	      0.01	      0.00	      0.00	      0.00	      0.01	      0.00	      0.01	#
2	      0.00	      0.00	      0.00	      0.00	      0.00	      0.00	      0.00	      0.00	      0.00	      0.00	      0.00	      0.00	      0.00	      0.00	#
3	      0.00	      0.00	      0.01	      0.00	      0.00	      0.00	      0.00	      0.00	      0.00	      0.00	      0.00	      0.01	      0.01	      0.00	#
2	      0.00	      0.00	      0.01	      0.00	      0.00	      0.00	      0.00	      0.00	      0.00	      0.00	      0.00	      0.01	      0.01	      0.00	#
2	      0.00	      0.00	      0.01	      0.00	      0.00	      0.00	      0.00	      0.00	      0.00	      0.00	      0.00	      0.01	      0.01	      0.00	#
2	      0.00	      0.00	      0.01	      0.00	      0.00	      0.00	      0.00	      0.00	      0.00	      0.00	      0.00	      0.01	      0.01	      0.00	#
2	      0.00	      0.00	      0.00	      0.00	      0.00	      0.00	      0.00	      0.00	      0.01	      0.00	      0.00	      0.01	      0.00	      0.01	#
2	      0.00	      0.00	      0.00	      0.01	      0.01	      0.00	      0.00	      0.00	      0.00	      0.00	      0.00	      0.01	      0.01	      0.00	#
2	      0.00	      0.00	      0.01	      0.00	      0.00	      0.00	      0.00	      0.00	      0.00	      0.00	      0.01	      0.02	      0.01	      0.01	#
2	      0.01	      0.00	      0.00	      0.01	      0.01	      0.00	      0.00	      0.00	      0.00	      0.00	      0.00	      0.02	      0.02	      0.00	#
2	      0.00	      0.00	      0.01	      0.00	      0.00	      0.00	      0.00	      0.00	      0.00	      0.00	      0.00	      0.01	      0.01	      0.00	#
1	      0.01	      0.00	      0.00	      0.01	      0.01	      0.00	      0.00	      0.00	      0.00	      0.00	      0.00	      0.02	      0.02	      0.00	#
2	      0.00	      0.00	      0.01	      0.00	      0.00	      0.00	      0.00	      0.00	      0.00	      0.00	      0.00	      0.01	      0.01	      0.00	#
2	      0.00	      0.00	      0.01	      0.00	      0.00	      0.00	      0.00	      0.00	      0.00	      0.00	      0.00	      0.01	      0.01	      0.00	#
2	      0.01	      0.00	      0.00	      0.00	      0.00	      0.00	      0.00	      0.01	      0.00	      0.00	      0.00	      0.02	      0.01	      0.01	#
2	      0.00	      0.00	      0.01	      0.00	      0.00	      0.00	      0.00	      0.00	      0.00	      0.00	      0.00	      0.01	      0.01	      0.00	#
5	      0.00	      0.00	      0.01	      0.00	      0.00	      0.00	      0.00	      0.00	      0.01	      0.00	      0.00	      0.02	      0.01	      0.01	#
4	      0.00	      0.00	      0.00	      0.00	      0.00	      0.00	      0.00	      0.00	      0.00	      0.00	      0.00	      0.01	      0.00	      0.01	#
2	      0.00	      0.00	      0.01	      0.00	      0.00	      0.00	      0.00	      0.00	      0.01	      0.00	      0.00	      0.02	      0.01	      0.01	#
3	      0.01	      0.00	      0.00	      0.00	      0.00	      0.00	      0.00	      0.00	      0.00	      0.00	      0.01	      0.02	      0.01	      0.01	#
2	      0.00	      0.00	      0.01	      0.00	      0.00	      0.00	      0.00	      0.00	      0.00	      0.00	      0.00	      0.01	      0.01	      0.00	#
2	      0.00	      0.00	      0.01	      0.00	      0.00	      0.00	      0.00	      0.00	      0.00	      0.00	      0.00	      0.01	      0.01	      0.00	#
2	      0.00	      0.00	      0.00	      0.00	      0.00	      0.00	      0.00	      0.01	      0.00	      0.00	      0.00	      0.01	      0.00	      0.01	#
2	      0.00	      0.00	      0.00	      0.00	      0.00	      0.00	      0.00	      0.00	      0.00	      0.00	      0.00	      0.00	      0.00	      0.00	#
2	      0.00	      0.00	      0.00	      0.00	      0.00	      0.00	      0.00	      0.01	      0.00	      0.00	      0.00	      0.01	      0.00	      0.01	#
2	      0.00	      0.00	      0.00	      0.00	      0.00	      0.00	      0.00	      0.01	      0.00	      0.00	      0.00	      0.01	      0.00	      0.01	#
2	      0.00	      0.00	      0.01	      0.00	      0.00	      0.00	      0.00	      0.00	      0.00	      0.00	      0.00	      0.01	      0.01	      0.00	#
2	      0.00	      0.00	      0.00	      0.01	      0.01	      0.00	      0.00	      0.00	      0.00	      0.00	      0.00	      0.01	      0.01	      0.00	#
1	      0.00	      0.00	      0.00	      0.00	      0.00	      0.00	      0.00	      0.00	      0.00	      0.01	      0.00	      0.01	      0.00	      0.01	#
2	      0.00	      0.00	      0.01	      0.00	      0.00	      0.00	      0.00	      0.00	      0.00	      0.00	      0.00	      0.01	      0.01	      0.00	#
2	      0.00	      0.00	      0.01	      0.00	      0.00	      0.00	      0.00	      0.00	      0.00	      0.00	      0.00	      0.01	      0.01	      0.00	#
2	      0.00	      0.00	      0.00	      0.00	      0.00	      0.00	      0.00	      0.01	      0.00	      0.00	      0.00	      0.01	      0.00	      0.01	#
2	      0.00	      0.00	      0.01	      0.00	      0.00	      0.00	      0.00	      0.00	      0.00	      0.00	      0.00	      0.01	      0.01	      0.00	#
5	      0.00	      0.00	      0.01	      0.00	      0.00	      0.00	      0.00	      0.00	      0.00	      0.01	      0.00	      0.02	      0.01	      0.01	#
4	      0.00	      0.01	      0.00	      0.00	      0.00	      0.00	      0.00	      0.00	      0.00	      0.00	      0.00	      0.01	      0.01	      0.00	#
2	      0.00	      0.00	      0.00	      0.00	      0.00	      0.00	      0.00	      0.00	      0.00	      0.00	      0.00	      0.00	      0.00	      0.00	#
3	      0.00	      0.00	      0.00	      0.00	      0.00	      0.00	      0.00	      0.00	      0.00	      0.00	      0.00	      0.00	      0.00	      0.00	#
2	      0.00	      0.00	      0.00	      0.01	      0.01	      0.00	      0.00	      0.00	      0.00	      0.00	      0.00	      0.01	      0.01	      0.00	#
2	      0.00	      0.00	      0.01	      0.00	      0.00	      0.00	      0.00	      0.00	      0.00	      0.00	      0.00	      0.01	      0.01	      0.00	#
2	      0.00	      0.00	      0.00	      0.01	      0.01	      0.00	      0.00	      0.00	      0.00	      0.00	      0.00	      0.01	      0.01	      0.00	#
2	      0.00	      0.00	      0.01	      0.00	      0.00	      0.00	      0.00	      0.00	      0.00	      0.00	      0.00	      0.01	      0.01	      0.00	#
2	      0.00	      0.00	      0.00	      0.01	      0.01	      0.00	      0.00	      0.00	      0.00	      0.00	      0.00	      0.01	      0.01	      0.00	#
2	      0.00	      0.00	      0.00	      0.00	      0.00	      0.00	      0.00	      0.00	      0.00	      0.00	      0.00	      0.00	      0.00	      0.00	#
2	      0.00	      0.00	      0.00	      0.00	      0.00	      0.00	      0.00	      0.00	      0.00	      0.00	      0.00	      0.00	      0.00	      0.00	#
2	      0.00	      0.00	      0.00	      0.01	      0.00	      0.00	      0.00	      0.00	      0.00	      0.00	      0.00	      0.01	      0.01	      0.00	#
1	      0.00	      0.00	      0.00	      0.00	      0.00	      0.00	      0.00	      0.00	      0.00	      0.00	      0.00	      0.00	      0.00	      0.00	#
2	      0.00	      0.00	      0.00	      0.00	      0.00	      0.00	      0.00	      0.00	      0.00	      0.00	      0.00	      0.00	      0.00	      0.00	#
1	      0.00	      0.00	      0.01	      0.00	      0.00	      0.00	      0.00	      0.00	      0.00	      0.00	      0.00	      0.01	      0.01	      0.00	#
2	      0.00	      0.00	      0.01	      0.00	      0.00	      0.00	      0.00	      0.00	      0.00	      0.00	      0.00	      0.01	      0.01	      0.00	#
2	      0.00	      0.00	      0.01	      0.00	      0.00	      0.00	      0.00	      0.00	      0.00	      0.00	      0.00	      0.01	      0.01	      0.00	#
2	      0.00	      0.00	      0.00	      0.01	      0.00	      0.00	      0.00	      0.00	      0.00	      0.00	      0.00	      0.01	      0.01	      0.00	#
2	      0.00	      0.00	      0.01	      0.00	      0.00	      0.00	      0.00	      0.00	      0.00	      0.00	      0.00	      0.01	      0.01	      0.00	#
5	      0.00	      0.00	      0.01	      0.00	      0.00	      0.00	      0.00	      0.00	      0.00	      0.00	      0.03	      0.04	      0.01	      0.03	#
4	      0.00	      0.00	      0.00	      0.00	      0.00	      0.00	      0.00	      0.01	      0.00	      0.00	      0.00	      0.01	      0.00	      0.01	#
2	      0.00	      0.00	      0.01	      0.00	      0.00	      0.00	      0.00	      0.00	      0.00	      0.00	      0.00	      0.01	      0.01	      0.00	#
3	      0.00	      0.00	      0.00	      0.00	      0.00	      0.00	      0.00	      0.00	      0.00	      0.00	      0.00	      0.00	      0.00	      0.00	#
2	      0.00	      0.00	      0.00	      0.00	      0.00	      0.00	      0.00	      0.00	      0.01	      0.00	      0.00	      0.01	      0.00	      0.01	#
2	      0.00	      0.00	      0.01	      0.00	      0.00	      0.00	      0.00	      0.00	      0.00	      0.00	      0.00	      0.01	      0.01	      0.00	#
2	      0.00	      0.00	      0.01	      0.00	      0.00	      0.00	      0.00	      0.00	      0.00	      0.00	      0.01	      0.02	      0.01	      0.01	#
2	      0.00	      0.00	      0.01	      0.00	      0.00	      0.00	      0.00	      0.00	      0.01	      0.00	      0.00	      0.02	      0.01	      0.01	#
2	      0.00	      0.00	      0.00	      0.01	      0.01	      0.00	      0.00	      0.00	      0.00	      0.00	      0.00	      0.01	      0.01	      0.00	#
2	      0.00	      0.00	      0.00	      0.00	      0.00	      0.00	      0.00	      0.01	      0.00	      0.00	      0.00	      0.01	      0.00	      0.01	#
2	      0.00	      0.00	      0.01	      0.00	      0.00	      0.00	      0.00	      0.00	      0.00	      0.00	      0.00	      0.01	      0.01	      0.00	#
2	      0.00	      0.00	      0.01	      0.00	      0.00	      0.00	      0.00	      0.00	      0.00	      0.00	      0.00	      0.01	      0.01	      0.00	#
1	      0.00	      0.00	      0.00	      0.00	      0.00	      0.00	      0.00	      0.00	      0.00	      0.00	      0.00	      0.00	      0.00	      0.00	#
2	      0.00	      0.00	      0.00	      0.00	      0.00	      0.00	      0.00	      0.00	      0.00	      0.00	      0.00	      0.00	      0.00	      0.00	#
1	      0.00	      0.00	      0.01	      0.00	      0.00	      0.00	      0.00	      0.00	      0.00	      0.00	      0.00	      0.01	      0.01	      0.00	#
2	      0.00	      0.00	      0.00	      0.00	      0.00	      0.00	      0.00	      0.00	      0.00	      0.00	      0.00	      0.00	      0.00	      0.00	#
1	      0.00	      0.00	      0.01	      0.00	      0.00	      0.00	      0.00	      0.00	      0.00	      0.00	      0.00	      0.01	      0.01	      0.00	#
1	      0.00	      0.00	      0.00	      0.00	      0.00	      0.00	      0.00	      0.00	      0.00	      0.00	      0.00	      0.00	      0.00	      0.00	#
1	      0.00	      0.00	      0.00	      0.00	      0.00	      0.00	      0.00	      0.00	      0.00	      0.00	      0.00	      0.00	      0.00	      0.00	#
1	      0.00	      0.00	      0.00	      0.00	      0.00	      0.00	      0.00	      0.00	      0.00	      0.00	      0.01	      0.01	      0.00	      0.01	#
1	      0.00	      0.00	      0.01	      0.00	      0.00	      0.00	      0.00	      0.00	      0.00	      0.00	      0.00	      0.01	      0.01	      0.00	#
1	      0.00	      0.00	      0.00	      0.00	      0.00	      0.00	      0.00	      0.00	      0.00	      0.00	      0.01	      0.01	      0.00	      0.01	#
1	      0.00	      0.00	      0.00	      0.00	      0.00	      0.00	      0.00	      0.00	      0.00	      0.00	      0.01	      0.01	      0.00	      0.01	#
1	      0.01	      0.00	      0.00	      0.00	      0.00	      0.00	      0.00	      0.00	      0.00	      0.00	      0.00	      0.01	      0.01	      0.00	#
1	      0.00	      0.00	      0.00	      0.00	      0.00	      0.00	      0.00	      0.00	      0.00	      0.00	      0.00	      0.00	      0.00	      0.00	#
1	      0.01	      0.00	      0.00	      0.00	      0.00	      0.00	      0.00	      0.00	      0.00	      0.00	      0.00	      0.01	      0.01	      0.00	#
1	      0.00	      0.00	      0.00	      0.00	      0.00	      0.00	      0.00	      0.00	      0.00	      0.00	      0.01	      0.01	      0.00	      0.01	#
1	      0.00	      0.00	      0.01	      0.00	      0.00	      0.00	      0.00	      0.00	      0.00	      0.00	      0.00	      0.01	      0.01	      0.00	#
1	      0.00	      0.00	      0.01	      0.00	      0.00	      0.00	      0.00	      0.00	      0.00	      0.00	      0.00	      0.01	      0.01	      0.00	#
1	      0.00	      0.00	      0.01	      0.00	      0.00	      0.00	      0.00	      0.00	      0.00	      0.00	      0.09	      0.10	      0.01	      0.09	#
2	      0.00	      0.00	      0.00	      0.00	      0.00	      0.00	      0.00	      0.00	      0.00	      0.00	      0.06	      0.06	      0.00	      0.06	#
1	      0.01	      0.00	      0.00	      0.00	      0.00	      0.00	      0.00	      0.00	      0.00	      0.00	      0.00	      0.01	      0.01	      0.00	#
2	      0.00	      0.00	      0.00	      0.00	      0.00	      0.00	      0.00	      0.00	      0.00	      0.00	      0.52	      0.52	      0.00	      0.52	#
1	      0.00	      0.00	      0.01	      0.00	      0.00	      0.00	      0.00	      0.00	      0.00	      0.00	      0.00	      0.01	      0.01	      0.00	#
2	      0.00	      0.00	      0.01	      0.00	      0.00	      0.00	      0.00	      0.00	      0.00	      0.00	      1.04	      1.05	      0.01	      1.04	#
1	      0.01	      0.00	      0.00	      0.00	      0.00	      0.00	      0.00	      0.00	      0.00	      0.00	      0.01	      0.02	      0.01	      0.01	#
2	      0.00	      0.00	      0.01	      0.00	      0.00	      0.00	      0.00	      0.00	      0.00	      0.00	      0.00	      0.01	      0.01	      0.00	#
2	      0.01	      0.00	      0.00	      0.00	      0.00	      0.00	      0.00	      0.00	      0.00	      0.00	      0.01	      0.02	      0.01	      0.01	#
2	      0.00	      0.00	      0.00	      0.01	      0.01	      0.00	      0.00	      0.00	      0.00	      0.00	      0.00	      0.01	      0.01	      0.00	#
2	      0.00	      0.01	      0.00	      0.00	      0.00	      0.00	      0.00	      0.00	      0.00	      0.00	      0.01	      0.02	      0.01	      0.01	#
5	      0.00	      0.00	      0.00	      0.01	      0.01	      0.00	      0.00	      0.00	      0.00	      0.00	      0.00	      0.01	      0.01	      0.00	#
4	      0.00	      0.00	      0.01	      0.00	      0.00	      0.00	      0.00	      0.00	      0.00	      0.00	      0.00	      0.01	      0.01	      0.00	#
2	      0.00	      0.00	      0.01	      0.00	      0.00	      0.00	      0.00	      0.00	      0.00	      0.00	      0.01	      0.02	      0.01	      0.01	#
3	      0.00	      0.01	      0.00	      0.01	      0.01	      0.00	      0.00	      0.00	      0.00	      0.00	      0.00	      0.02	      0.02	      0.00	#
2	      0.00	      0.00	      0.01	      0.00	      0.00	      0.00	      0.00	      0.00	      0.00	      0.00	      0.00	      0.01	      0.01	      0.00	#
2	      0.01	      0.00	      0.00	      0.00	      0.00	      0.00	      0.00	      0.01	      0.00	      0.00	      0.00	      0.02	      0.01	      0.01	#
2	      0.00	      0.00	      0.00	      0.00	      0.00	      0.00	      0.00	      0.01	      0.00	      0.00	      0.00	      0.01	      0.00	      0.01	#
2	      0.00	      0.00	      0.01	      0.00	      0.00	      0.00	      0.00	      0.00	      0.00	      0.00	      0.00	      0.01	      0.01	      0.00	#
2	      0.00	      0.01	      0.00	      0.00	      0.00	      0.00	      0.00	      0.00	      0.00	      0.00	      0.00	      0.02	      0.01	      0.00	#
2	      0.00	      0.00	      0.01	      0.00	      0.00	      0.00	      0.00	      0.00	      0.00	      0.00	      0.00	      0.01	      0.01	      0.00	#
2	      0.00	      0.01	      0.00	      0.00	      0.00	      0.00	      0.00	      0.00	      0.00	      0.00	      0.00	      0.01	      0.01	      0.00	#
2	      0.01	      0.00	      0.00	      0.00	      0.00	      0.00	      0.00	      0.01	      0.00	      0.00	      0.00	      0.02	      0.01	      0.01	#
1	      0.01	      0.00	      0.00	      0.00	      0.00	      0.00	      0.00	      0.00	      0.00	      0.00	      0.00	      0.01	      0.01	      0.00	#
1	      0.00	      0.00	      0.00	      0.00	      0.00	      0.00	      0.00	      0.00	      0.00	      0.00	      0.00	      0.00	      0.00	      0.00	#
1	      0.00	      0.01	      0.00	      0.00	      0.00	      0.00	      0.00	      0.00	      0.00	      0.00	      0.00	      0.01	      0.01	      0.00	#
1	      0.00	      0.00	      0.00	      0.00	      0.00	      0.00	      0.00	      0.00	      0.00	      0.00	      0.00	      0.00	      0.00	      0.00	#
1	      0.00	      0.00	      0.01	      0.00	      0.00	      0.00	      0.00	      0.00	      0.00	      0.00	      0.02	      0.03	      0.01	      0.02	#
1	      0.00	      0.00	      0.01	      0.00	      0.00	      0.00	      0.00	      0.00	      0.00	      0.00	      0.00	      0.01	      0.01	      0.00	#
2	      0.00	      0.00	      0.01	      0.00	      0.00	      0.00	      0.00	      0.00	      0.00	      0.00	      0.00	      0.01	      0.01	      0.00	#
1	      0.00	      0.00	      0.01	      0.00	      0.00	      0.00	      0.00	      0.00	      0.00	      0.00	      0.00	      0.01	      0.01	      0.00	#
2	      0.00	      0.00	      0.00	      0.00	      0.00	      0.00	      0.00	      0.00	      0.00	      0.00	      0.01	      0.01	      0.00	      0.01	#
1	      0.00	      0.00	      0.00	      0.00	      0.00	      0.00	      0.00	      0.00	      0.00	      0.00	      0.01	      0.01	      0.00	      0.01	#
2	      0.00	      0.00	      0.00	      0.00	      0.00	      0.00	      0.00	      0.00	      0.00	      0.00	      0.00	      0.00	      0.00	      0.00	#
1	      0.00	      0.00	      0.00	      0.00	      0.00	      0.00	      0.00	      0.00	      0.00	      0.00	      0.00	      0.00	      0.00	      0.00	#
2	      0.00	      0.00	      0.01	      0.00	      0.00	      0.00	      0.00	      0.00	      0.00	      0.00	      0.00	      0.01	      0.01	      0.00	#
1	      0.01	      0.00	      0.00	      0.00	      0.00	      0.00	      0.00	      0.00	      0.00	      0.00	      0.00	      0.01	      0.01	      0.00	#
1	      0.01	      0.00	      0.00	      0.01	      0.00	      0.00	      0.00	      0.00	      0.00	      0.00	      0.00	      0.02	      0.02	      0.00	#
1	      0.01	      0.00	      0.00	      0.00	      0.00	      0.00	      0.00	      0.00	      0.00	      0.00	      0.01	      0.02	      0.01	      0.01	#
2	      0.01	      0.00	      0.00	      0.00	      0.00	      0.00	      0.00	      0.00	      0.00	      0.00	      0.01	      0.02	      0.01	      0.01	#
2	      0.00	      0.00	      0.00	      0.01	      0.01	      0.00	      0.00	      0.00	      0.00	      0.00	      0.00	      0.01	      0.01	      0.00	#
2	      0.00	      0.00	      0.01	      0.00	      0.00	      0.00	      0.00	      0.00	      0.00	      0.00	      0.01	      0.02	      0.01	      0.01	#
2	      0.01	      0.00	      0.00	      0.01	      0.01	      0.00	      0.00	      0.00	      0.00	      0.00	      0.00	      0.02	      0.02	      0.00	#
2	      0.00	      0.00	      0.00	      0.00	      0.00	      0.00	      0.00	      0.00	      0.00	      0.00	      0.01	      0.01	      0.00	      0.01	#
2	      0.00	      0.00	      0.01	      0.00	      0.00	      0.00	      0.00	      0.00	      0.00	      0.00	      0.01	      0.02	      0.01	      0.01	#
2	      0.00	      0.00	      0.00	      0.01	      0.01	      0.00	      0.00	      0.00	      0.00	      0.00	      0.00	      0.01	      0.01	      0.00	#
2	      0.00	      0.00	      0.00	      0.00	      0.00	      0.00	      0.00	      0.00	      0.00	      0.00	      0.00	      0.00	      0.00	      0.00	#
2	      0.00	      0.01	      0.00	      0.00	      0.00	      0.00	      0.00	      0.00	      0.00	      0.00	      0.00	      0.01	      0.01	      0.00	#
2	      0.01	      0.00	      0.00	      0.00	      0.00	      0.00	      0.00	      0.00	      0.00	      0.00	      0.00	      0.01	      0.01	      0.00	#
2	      0.00	      0.00	      0.00	      0.01	      0.01	      0.00	      0.00	      0.00	      0.00	      0.00	      0.00	      0.01	      0.01	      0.00	#
1	      0.00	      0.00	      0.00	      0.00	      0.00	      0.00	      0.00	      0.01	      0.00	      0.00	      0.00	      0.01	      0.00	      0.01	#
1	      0.00	      0.01	      0.00	      0.00	      0.00	      0.00	      0.00	      0.01	      0.00	      0.00	      0.00	      0.02	      0.01	      0.01	#
1	      0.01	      0.00	      0.00	      0.00	      0.00	      0.00	      0.00	      0.00	      0.00	      0.00	      0.00	      0.02	      0.01	      0.01	#
1	      0.01	      0.00	      0.00	      0.00	      0.00	      0.00	      0.00	      0.00	      0.00	      0.00	      0.00	      0.01	      0.01	      0.00	#
1	      0.00	      0.00	      0.00	      0.00	      0.00	      0.00	      0.00	      0.00	      0.00	      0.00	      0.00	      0.00	      0.00	      0.00	#
1	      0.01	      0.00	      0.01	      0.00	      0.00	      0.00	      0.00	      0.00	      0.00	      0.00	      0.00	      0.02	      0.02	      0.00	#
1	      0.00	      0.00	      0.00	      0.00	      0.00	      0.00	      0.00	      0.01	      0.00	      0.00	      0.00	      0.01	      0.00	      0.01	#
1	      0.00	      0.00	      0.00	      0.00	      0.00	      0.00	      0.00	      0.00	      0.00	      0.00	      0.00	      0.00	      0.00	      0.00	#
1	      0.00	      0.00	      0.01	      0.00	      0.00	      0.00	      0.00	      0.00	      0.00	      0.00	      0.00	      0.01	      0.01	      0.00	#
1	      0.00	      0.00	      0.00	      0.00	      0.00	      0.00	      0.00	      0.00	      0.00	      0.00	      0.01	      0.01	      0.00	      0.01	#
1	      0.00	      0.00	      0.00	      0.00	      0.00	      0.00	      0.00	      0.00	      0.00	      0.00	      0.00	      0.00	      0.00	      0.00	#
1	      0.00	      0.00	      0.00	      0.00	      0.00	      0.00	      0.00	      0.00	      0.00	      0.00	      0.00	      0.00	      0.00	      0.00	#
1	      0.00	      0.00	      0.00	      0.00	      0.00	      0.00	      0.00	      0.00	      0.00	      0.00	      0.00	      0.00	      0.00	      0.00	#
1	      0.00	      0.00	      0.00	      0.00	      0.00	      0.00	      0.00	      0.00	      0.01	      0.00	      0.00	      0.01	      0.00	      0.01	#
1	      0.00	      0.00	      0.00	      0.00	      0.00	      0.00	      0.00	      0.00	      0.00	      0.00	      0.01	      0.01	      0.00	      0.01	#
1	      0.00	      0.00	      0.01	      0.00	      0.00	      0.00	      0.00	      0.00	      0.00	      0.00	      0.00	      0.01	      0.01	      0.00	#
1	      0.00	      0.00	      0.00	      0.00	      0.00	      0.00	      0.00	      0.01	      0.00	      0.00	      0.00	      0.01	      0.00	      0.01	#
1	      0.00	      0.00	      0.01	      0.00	      0.00	      0.00	      0.00	      0.00	      0.00	      0.00	      0.07	      0.08	      0.01	      0.07	#
1	      0.01	      0.00	      0.00	      0.00	      0.00	      0.00	      0.00	      0.00	      0.00	      0.00	      0.02	      0.03	      0.01	      0.02	#
1	      0.00	      0.00	      0.00	      0.00	      0.00	      0.00	      0.00	      0.00	      0.00	      0.00	      0.02	      0.02	      0.00	      0.02	#
1	      0.00	      0.00	      0.00	      0.00	      0.00	      0.00	      0.00	      0.00	      0.00	      0.00	      0.02	      0.02	      0.00	      0.02	#
1	      0.00	      0.00	      0.00	      0.00	      0.00	      0.00	      0.00	      0.00	      0.00	      0.00	      0.02	      0.02	      0.00	      0.02	#
1	      0.00	      0.00	      0.01	      0.00	      0.00	      0.00	      0.00	      0.00	      0.00	      0.00	      0.02	      0.03	      0.01	      0.02	#
1	      0.00	      0.00	      0.01	      0.00	      0.00	      0.00	      0.00	      0.00	      0.00	      0.00	      0.02	      0.03	      0.01	      0.02	#
1	      0.01	      0.00	      0.00	      0.01	      0.01	      0.00	      0.00	      0.00	      0.00	      0.00	      0.01	      0.04	      0.02	      0.01	#
1	      0.00	      0.00	      0.01	      0.00	      0.00	      0.00	      0.00	      0.00	      0.00	      0.00	      0.02	      0.03	      0.01	      0.02	#
1	      0.00	      0.00	      0.00	      0.00	      0.00	      0.00	      0.00	      0.00	      0.00	      0.00	      0.02	      0.02	      0.00	      0.02	#
1	      0.00	      0.00	      0.01	      0.00	      0.00	      0.00	      0.00	      0.00	      0.00	      0.00	      0.02	      0.03	      0.01	      0.02	#
1	      0.00	      0.00	      0.01	      0.00	      0.00	      0.00	      0.00	      0.00	      0.00	      0.00	      0.01	      0.02	      0.01	      0.01	#
1	      0.01	      0.00	      0.00	      0.00	      0.00	      0.00	      0.00	      0.00	      0.00	      0.00	      0.01	      0.02	      0.01	      0.01	#
1	      0.00	      0.01	      0.00	      0.00	      0.00	      0.00	      0.00	      0.01	      0.00	      0.00	      0.00	      0.02	      0.01	      0.01	#
1	      0.01	      0.00	      0.00	      0.00	      0.00	      0.00	      0.00	      0.00	      0.00	      0.00	      0.01	      0.02	      0.01	      0.01	#
1	      0.00	      0.00	      0.01	      0.00	      0.00	      0.00	      0.00	      0.00	      0.00	      0.00	      0.00	      0.01	      0.01	      0.00	#
1	      0.00	      0.00	      0.00	      0.00	      0.00	      0.00	      0.00	      0.00	      0.00	      0.00	      0.02	      0.02	      0.00	      0.02	#
1	      0.00	      0.00	      0.00	      0.00	      0.00	      0.00	      0.00	      0.00	      0.00	      0.00	      0.02	      0.02	      0.00	      0.02	#
1	      0.00	      0.00	      0.00	      0.00	      0.00	      0.00	      0.00	      0.00	      0.00	      0.00	      0.01	      0.01	      0.00	      0.01	#
1	      0.01	      0.00	      0.00	      0.00	      0.00	      0.00	      0.00	      0.00	      0.00	      0.00	      0.01	      0.02	      0.01	      0.01	#
2	      0.00	      0.00	      0.00	      0.00	      0.00	      0.00	      0.00	      0.00	      0.00	      0.00	      0.00	      0.00	      0.00	      0.00	#
2	      0.00	      0.00	      0.01	      0.00	      0.00	      0.00	      0.00	      0.00	      0.00	      0.00	      0.01	      0.02	      0.01	      0.01	#
2	      0.01	      0.00	      0.00	      0.01	      0.01	      0.00	      0.00	      0.00	      0.00	      0.00	      0.00	      0.02	      0.02	      0.00	#
2	      0.01	      0.00	      0.00	      0.00	      0.00	      0.00	      0.00	      0.00	      0.00	      0.00	      0.00	      0.01	      0.01	      0.00	#
2	      0.01	      0.00	      0.00	      0.00	      0.00	      0.00	      0.00	      0.00	      0.00	      0.00	      0.00	      0.01	      0.01	      0.00	#
2	      0.01	      0.00	      0.00	      0.00	      0.00	      0.00	      0.00	      0.00	      0.00	      0.00	      0.00	      0.01	      0.01	      0.00	#
2	      0.00	      0.00	      0.01	      0.00	      0.00	      0.00	      0.00	      0.00	      0.00	      0.00	      0.00	      0.01	      0.01	      0.00	#
2	      0.00	      0.01	      0.00	      0.00	      0.00	      0.00	      0.00	      0.00	      0.00	      0.00	      0.00	      0.01	      0.01	      0.00	#
2	      0.00	      0.00	      0.00	      0.00	      0.00	      0.00	      0.00	      0.00	      0.00	      0.00	      0.00	      0.00	      0.00	      0.00	#
2	      0.00	      0.01	      0.00	      0.00	      0.00	      0.00	      0.00	      0.00	      0.00	      0.00	      0.00	      0.01	      0.01	      0.00	#
2	      0.00	      0.00	      0.00	      0.00	      0.00	      0.00	      0.00	      0.01	      0.00	      0.00	      0.00	      0.01	      0.00	      0.01	#
1	      0.00	      0.00	      0.00	      0.00	      0.00	      0.00	      0.00	      0.00	      0.00	      0.00	      0.00	      0.00	      0.00	      0.00	#
2	      0.00	      0.00	      0.00	      0.00	      0.00	      0.00	      0.00	      0.00	      0.00	      0.00	      0.00	      0.00	      0.00	      0.00	#
1	      0.00	      0.00	      0.00	      0.00	      0.00	      0.00	      0.00	      0.00	      0.00	      0.00	      0.02	      0.02	      0.00	      0.02	#
1	      0.01	      0.00	      0.00	      0.00	      0.00	      0.00	      0.00	      0.00	      0.00	      0.00	      0.02	      0.03	      0.01	      0.02	#
1	      0.00	      0.00	      0.00	      0.00	      0.00	      0.00	      0.00	      0.00	      0.00	      0.00	      0.02	      0.02	      0.00	      0.02	#
1	      0.00	      0.00	      0.00	      0.00	      0.00	      0.00	      0.00	      0.00	      0.00	      0.00	      0.02	      0.02	      0.00	      0.02	#
1	      0.01	      0.00	      0.00	      0.01	      0.01	      0.00	      0.00	      0.00	      0.00	      0.00	      0.01	      0.03	      0.02	      0.01	#
1	      0.00	      0.00	      0.00	      0.00	      0.00	      0.00	      0.00	      0.00	      0.00	      0.00	      0.01	      0.01	      0.00	      0.01	#
1	      0.00	      0.00	      0.01	      0.00	      0.00	      0.00	      0.00	      0.00	      0.01	      0.00	      0.01	      0.03	      0.01	      0.02	#
1	      0.00	      0.00	      0.00	      0.00	      0.00	      0.00	      0.00	      0.01	      0.00	      0.00	      0.02	      0.03	      0.00	      0.03	#
1	      0.00	      0.00	      0.01	      0.00	      0.00	      0.00	      0.00	      0.00	      0.00	      0.00	      0.02	      0.03	      0.01	      0.02	#
1	      0.00	      0.00	      0.01	      0.00	      0.00	      0.00	      0.00	      0.00	      0.00	      0.00	      0.02	      0.03	      0.01	      0.02	#
1	      0.01	      0.00	      0.01	      0.00	      0.00	      0.00	      0.00	      0.00	      0.00	      0.00	      0.02	      0.04	      0.02	      0.02	#
1	      0.00	      0.01	      0.00	      0.00	      0.00	      0.00	      0.00	      0.00	      0.00	      0.00	      0.00	      0.01	      0.01	      0.00	#
1	      0.00	      0.00	      0.01	      0.00	      0.00	      0.00	      0.00	      0.01	      0.00	      0.00	      0.00	      0.02	      0.01	      0.01	#
1	      0.00	      0.00	      0.01	      0.00	      0.00	      0.00	      0.00	      0.00	      0.00	      0.00	      0.01	      0.02	      0.01	      0.01	#
1	      0.00	      0.00	      0.01	      0.00	      0.00	      0.00	      0.00	      0.00	      0.00	      0.00	      0.01	      0.02	      0.01	      0.01	#
1	      0.00	      0.00	      0.00	      0.01	      0.01	      0.00	      0.00	      0.00	      0.00	      0.00	      0.00	      0.01	      0.01	      0.00	#
1	      0.00	      0.00	      0.00	      0.00	      0.00	      0.00	      0.00	      0.00	      0.00	      0.00	      0.00	      0.00	      0.00	      0.00	#
1	      0.01	      0.00	      0.00	      0.00	      0.00	      0.00	      0.00	      0.01	      0.00	      0.00	      0.00	      0.02	      0.01	      0.01	#
1	      0.00	      0.00	      0.00	      0.00	      0.00	      0.00	      0.00	      0.00	      0.00	      0.00	      0.00	      0.00	      0.00	      0.00	#
1	      0.00	      0.00	      0.01	      0.00	      0.00	      0.00	      0.00	      0.00	      0.00	      0.00	      0.00	      0.01	      0.01	      0.00	#
1	      0.00	      0.00	      0.00	      0.00	      0.00	      0.00	      0.00	      0.00	      0.00	      0.00	      0.00	      0.00	      0.00	      0.00	#
1	      0.00	      0.00	      0.01	      0.00	      0.00	      0.00	      0.00	      0.00	      0.00	      0.00	      0.00	      0.01	      0.01	      0.00	#
1	      0.00	      0.00	      0.00	      0.00	      0.00	      0.00	      0.00	      0.00	      0.00	      0.00	      0.00	      0.00	      0.00	      0.00	#
1	      0.00	      0.00	      0.00	      0.00	      0.00	      0.00	      0.00	      0.00	      0.00	      0.00	      0.00	      0.00	      0.00	      0.00	#
1	      0.01	      0.00	      0.00	      0.00	      0.00	      0.00	      0.00	      0.00	      0.00	      0.00	      0.00	      0.01	      0.01	      0.00	#
1	      0.00	      0.00	      0.00	      0.00	      0.00	      0.00	      0.00	      0.00	      0.00	      0.00	      0.00	      0.00	      0.00	      0.00	#
1	      0.00	      0.00	      0.00	      0.00	      0.00	      0.00	      0.00	      0.00	      0.00	      0.00	      0.01	      0.01	      0.00	      0.01	#
1	      0.00	      0.00	      0.00	      0.00	      0.00	      0.00	      0.00	      0.00	      0.00	      0.00	      0.01	      0.01	      0.00	      0.01	#
1	      0.00	      0.00	      0.00	      0.00	      0.00	      0.00	      0.00	      0.00	      0.00	      0.00	      0.20	      0.20	      0.00	      0.20	#
1	      0.00	      0.00	      0.01	      0.00	      0.00	      0.00	      0.00	      0.00	      0.00	      0.00	      0.44	      0.45	      0.01	      0.44	#
1	      0.00	      0.00	      0.01	      0.00	      0.00	      0.00	      0.00	      0.00	      0.00	      0.00	      0.45	      0.46	      0.01	      0.45	#
2	      0.00	      0.00	      0.01	      0.00	      0.00	      0.00	      0.00	      0.00	      0.00	      0.00	      0.06	      0.07	      0.01	      0.06	#
2	      0.00	      0.00	      0.00	      0.00	      0.00	      0.00	      0.00	      0.00	      0.00	      0.00	      0.04	      0.04	      0.00	      0.04	#
2	      0.00	      0.00	      0.01	      0.00	      0.00	      0.00	      0.00	      0.00	      0.00	      0.00	      0.45	      0.46	      0.01	      0.45	#
2	      0.01	      0.00	      0.00	      0.00	      0.00	      0.00	      0.00	      0.00	      0.00	      0.00	      0.12	      0.13	      0.01	      0.12	#
2	      0.00	      0.00	      0.00	      0.01	      0.01	      0.00	      0.00	      0.00	      0.00	      0.00	      0.23	      0.24	      0.01	      0.23	#
2	      0.00	      0.00	      0.00	      0.01	      0.01	      0.00	      0.00	      0.00	      0.00	      0.00	      0.01	      0.02	      0.01	      0.01	#
2	      0.01	      0.00	      0.00	      0.00	      0.00	      0.00	      0.00	      0.00	      0.00	      0.00	      0.12	      0.13	      0.01	      0.12	#
2	      0.00	      0.01	      0.00	      0.00	      0.00	      0.00	      0.00	      0.00	      0.00	      0.00	      0.11	      0.12	      0.01	      0.11	#
2	      0.01	      0.00	      0.00	      0.00	      0.00	      0.00	      0.00	      0.01	      0.00	      0.00	      0.10	      0.12	      0.01	      0.11	#
2	      0.00	      0.00	      0.01	      0.00	      0.00	      0.00	      0.00	      0.00	      0.00	      0.00	      0.12	      0.13	      0.01	      0.12	#
2	      0.00	      0.00	      0.00	      0.00	      0.00	      0.00	      0.00	      0.00	      0.00	      0.00	      0.11	      0.11	      0.00	      0.11	#
1	      0.00	      0.00	      0.01	      0.00	      0.00	      0.00	      0.00	      0.00	      0.00	      0.00	      0.04	      0.05	      0.01	      0.04	#
1	      0.00	      0.00	      0.00	      0.00	      0.00	      0.00	      0.00	      0.00	      0.00	      0.00	      0.18	      0.18	      0.00	      0.18	#
2	      0.00	      0.00	      0.00	      0.00	      0.00	      0.00	      0.00	      0.00	      0.00	      0.00	      0.08	      0.08	      0.00	      0.08	#
1	      0.00	      0.00	      0.01	      0.00	      0.00	      0.00	      0.00	      0.00	      0.00	      0.00	      0.02	      0.03	      0.01	      0.02	#
1	      0.00	      0.00	      0.00	      0.00	      0.00	      0.00	      0.00	      0.00	      0.00	      0.00	      0.03	      0.03	      0.00	      0.03	#
1	      0.00	      0.00	      0.00	      0.00	      0.00	      0.00	      0.00	      0.01	      0.00	      0.00	      0.15	      0.16	      0.00	      0.16	#
2	      0.00	      0.00	      0.00	      0.00	      0.00	      0.00	      0.00	      0.00	      0.00	      0.00	      0.03	      0.03	      0.00	      0.03	#
2	      0.01	      0.00	      0.00	      0.00	      0.00	      0.00	      0.00	      0.00	      0.00	      0.00	      0.05	      0.06	      0.01	      0.05	#
2	      0.00	      0.00	      0.00	      0.00	      0.00	      0.00	      0.00	      0.00	      0.00	      0.01	      0.14	      0.15	      0.00	      0.15	#
2	      0.01	      0.00	      0.00	      0.00	      0.00	      0.00	      0.00	      0.00	      0.00	      0.00	      0.06	      0.07	      0.01	      0.06	#
2	      0.00	      0.00	      0.00	      0.00	      0.00	      0.00	      0.00	      0.00	      0.00	      0.00	      0.10	      0.10	      0.00	      0.10	#
2	      0.01	      0.00	      0.00	      0.00	      0.00	      0.00	      0.00	      0.00	      0.00	      0.00	      0.01	      0.02	      0.01	      0.01	#
2	      0.00	      0.00	      0.01	      0.00	      0.00	      0.00	      0.00	      0.00	      0.00	      0.00	      0.06	      0.07	      0.01	      0.06	#
2	      0.00	      0.00	      0.01	      0.00	      0.00	      0.00	      0.00	      0.00	      0.00	      0.00	      0.05	      0.06	      0.01	      0.05	#
2	      0.00	      0.00	      0.00	      0.00	      0.00	      0.00	      0.00	      0.00	      0.00	      0.00	      0.06	      0.06	      0.00	      0.06	#
2	      0.00	      0.00	      0.01	      0.00	      0.00	      0.00	      0.00	      0.00	      0.00	      0.00	      0.06	      0.07	      0.01	      0.06	#
2	      0.00	      0.00	      0.00	      0.00	      0.00	      0.00	      0.00	      0.01	      0.00	      0.00	      0.06	      0.07	      0.00	      0.07	#
1	      0.00	      0.00	      0.00	      0.00	      0.00	      0.00	      0.00	      0.00	      0.00	      0.00	      0.02	      0.02	      0.00	      0.02	#
1	      0.00	      0.00	      0.00	      0.00	      0.00	      0.00	      0.00	      0.00	      0.00	      0.00	      0.02	      0.02	      0.00	      0.02	#
1	      0.01	      0.00	      0.00	      0.00	      0.00	      0.00	      0.00	      0.00	      0.00	      0.00	      0.00	      0.01	      0.01	      0.00	#
2	      0.00	      0.00	      0.00	      0.00	      0.00	      0.00	      0.00	      0.00	      0.00	      0.00	      0.01	      0.01	      0.00	      0.01	#
2	      0.00	      0.00	      0.00	      0.00	      0.00	      0.00	      0.00	      0.00	      0.00	      0.00	      0.00	      0.00	      0.00	      0.00	#
2	      0.00	      0.00	      0.00	      0.00	      0.00	      0.00	      0.00	      0.00	      0.00	      0.00	      0.00	      0.00	      0.00	      0.00	#
2	      0.00	      0.00	      0.00	      0.00	      0.00	      0.00	      0.00	      0.00	      0.00	      0.00	      0.00	      0.00	      0.00	      0.00	#
2	      0.00	      0.01	      0.00	      0.00	      0.00	      0.00	      0.00	      0.00	      0.00	      0.00	      0.00	      0.01	      0.01	      0.00	#
2	      0.00	      0.00	      0.00	      0.00	      0.00	      0.00	      0.00	      0.00	      0.00	      0.00	      0.00	      0.00	      0.00	      0.00	#
2	      0.00	      0.00	      0.01	      0.00	      0.00	      0.00	      0.00	      0.00	      0.00	      0.00	      0.00	      0.01	      0.01	      0.00	#
2	      0.00	      0.00	      0.00	      0.00	      0.00	      0.00	      0.00	      0.00	      0.00	      0.00	      0.01	      0.01	      0.00	      0.01	#
2	      0.01	      0.00	      0.00	      0.00	      0.00	      0.00	      0.00	      0.00	      0.00	      0.00	      0.00	      0.01	      0.01	      0.00	#
2	      0.00	      0.00	      0.00	      0.00	      0.00	      0.00	      0.00	      0.00	      0.01	      0.00	      0.00	      0.01	      0.00	      0.01	#
2	      0.00	      0.00	      0.01	      0.00	      0.00	      0.00	      0.00	      0.00	      0.00	      0.00	      0.00	      0.01	      0.01	      0.00	#
